lastAccountName: TruePower
timestamps:
  login: 1517208164126
  logout: 1517208219260
ipAddress: 76.175.106.164
logoutlocation:
  world: world
  x: -129.57219347183747
  y: 63.0
  z: -60.43891102631513
  yaw: -358.34988
  pitch: -0.15005265
