lastAccountName: TaikiFnit
timestamps:
  login: 1501861060441
  logout: 1501861060268
ipAddress: 192.168.0.103
logoutlocation:
  world: world
  x: -148.8661020713392
  y: 63.0
  z: -31.70223188173742
  yaw: -4.650274
  pitch: 9.899981
money: '750.0'
