lastAccountName: nedo18
timestamps:
  login: 1503926669373
  logout: 1503928142991
  lastteleport: 1503928113661
ipAddress: 60.90.60.226
lastlocation:
  world: world
  x: -120.44366489371728
  y: 65.0
  z: -16.601695721236457
  yaw: -178.18396
  pitch: 9.900062
homes:
  mura:
    world: world
    x: -8.838381378665023
    y: 75.0
    z: -175.1936073523551
    yaw: 202.65886
    pitch: 18.149988
  sea:
    world: world
    x: -342.55041580007753
    y: 63.0
    z: 356.521167110638
    yaw: -333.07214
    pitch: 4.34982
  exp:
    world: world
    x: -205.596930741877
    y: 11.0
    z: 85.73787676123884
    yaw: -75.91919
    pitch: 10.64996
  h:
    world: world
    x: -121.19815426746285
    y: 66.0
    z: -26.807852201038653
    yaw: -348.58466
    pitch: 21.00005
logoutlocation:
  world: world
  x: -201.45615064244058
  y: 7.0
  z: 85.8541397297333
  yaw: -103.36981
  pitch: 1.9499462
