lastAccountName: tukasasa
timestamps:
  login: 1514115762755
  logout: 1514127768425
  lastteleport: 1514127742946
ipAddress: 124.208.114.93
lastlocation:
  world: world
  x: -226.56485594162515
  y: 67.0
  z: -78.69999998807907
  yaw: 171.11943
  pitch: 16.799923
logoutlocation:
  world: world
  x: -69.41941099935373
  y: 114.16633385452502
  z: -52.1897327409992
  yaw: -11.847199
  pitch: -15.2999325
homes:
  home:
    world: world
    x: -212.8744034528817
    y: 57.0
    z: -73.19062401281636
    yaw: 271.8003
    pitch: 22.34999
  maguma:
    world: world_nether
    x: -160.7964246797563
    y: 40.0
    z: -33.00624629319598
    yaw: 2.5491838
    pitch: 13.050005
  ki:
    world: world
    x: 705.436944803729
    y: 71.0
    z: 378.9680514491678
    yaw: -92.171326
    pitch: 9.299972
  neza:
    world: world_nether
    x: 241.63934946317667
    y: 59.0
    z: 154.99968398385212
    yaw: -86.249725
    pitch: 10.949989
