lastAccountName: tukasasa
timestamps:
  login: 1512233830331
  logout: 1512235622899
  lastteleport: 1512233584580
ipAddress: 124.208.114.93
lastlocation:
  world: world_nether
  x: -146.82740216795403
  y: 32.0
  z: -34.27454045184445
  yaw: 254.1
  pitch: 53.849964
logoutlocation:
  world: world
  x: -217.72206415567354
  y: 56.0
  z: -72.72058642587474
  yaw: -110.40728
  pitch: 1.1999596
homes:
  home:
    world: world
    x: -212.8744034528817
    y: 57.0
    z: -73.19062401281636
    yaw: 271.8003
    pitch: 22.34999
  maguma:
    world: world_nether
    x: -160.7964246797563
    y: 40.0
    z: -33.00624629319598
    yaw: 2.5491838
    pitch: 13.050005
  ki:
    world: world
    x: 705.436944803729
    y: 71.0
    z: 378.9680514491678
    yaw: -92.171326
    pitch: 9.299972
  neza:
    world: world_nether
    x: 241.63934946317667
    y: 59.0
    z: 154.99968398385212
    yaw: -86.249725
    pitch: 10.949989
