lastAccountName: tukasasa
timestamps:
  login: 1505389064575
  logout: 1505390666875
  lastteleport: 1505389332388
ipAddress: 124.208.114.93
lastlocation:
  world: world
  x: -134.82075780295696
  y: 66.0
  z: -134.3579563623429
  yaw: 107.70336
  pitch: 7.949704
logoutlocation:
  world: world
  x: -330.27704796927804
  y: 53.0
  z: -62.06250822101414
  yaw: 172.20172
  pitch: 52.34992
homes:
  home:
    world: world
    x: -212.8744034528817
    y: 57.0
    z: -73.19062401281636
    yaw: 271.8003
    pitch: 22.34999
  maguma:
    world: world_nether
    x: -160.7964246797563
    y: 40.0
    z: -33.00624629319598
    yaw: 2.5491838
    pitch: 13.050005
  ki:
    world: world
    x: 705.436944803729
    y: 71.0
    z: 378.9680514491678
    yaw: -92.171326
    pitch: 9.299972
