lastAccountName: tukasasa
timestamps:
  login: 1506004527880
  logout: 1506004904958
  lastteleport: 1506004818338
ipAddress: 124.208.114.93
lastlocation:
  world: world
  x: -210.6171756372151
  y: 5.0
  z: -82.93760660506098
  yaw: 249.75072
  pitch: -4.350076
logoutlocation:
  world: world
  x: -188.94920827870988
  y: 70.39359716113779
  z: -47.800206334699624
  yaw: 269.39978
  pitch: 16.499973
homes:
  home:
    world: world
    x: -212.8744034528817
    y: 57.0
    z: -73.19062401281636
    yaw: 271.8003
    pitch: 22.34999
  maguma:
    world: world_nether
    x: -160.7964246797563
    y: 40.0
    z: -33.00624629319598
    yaw: 2.5491838
    pitch: 13.050005
  ki:
    world: world
    x: 705.436944803729
    y: 71.0
    z: 378.9680514491678
    yaw: -92.171326
    pitch: 9.299972
  neza:
    world: world_nether
    x: 241.63934946317667
    y: 59.0
    z: 154.99968398385212
    yaw: -86.249725
    pitch: 10.949989
