lastAccountName: tukasasa
timestamps:
  login: 1517378429265
  logout: 1517384121978
  lastteleport: 1517378512652
ipAddress: 124.208.114.93
lastlocation:
  world: world
  x: -260.5397369379514
  y: 73.23715655422492
  z: -89.82195889717023
  yaw: 338.84985
  pitch: 23.99997
logoutlocation:
  world: world
  x: -206.88873636767613
  y: 94.05033141166498
  z: -76.48750001192093
  yaw: 184.19537
  pitch: 31.799942
homes:
  home:
    world: world
    x: -212.8744034528817
    y: 57.0
    z: -73.19062401281636
    yaw: 271.8003
    pitch: 22.34999
  maguma:
    world: world_nether
    x: -160.7964246797563
    y: 40.0
    z: -33.00624629319598
    yaw: 2.5491838
    pitch: 13.050005
  ki:
    world: world
    x: 705.436944803729
    y: 71.0
    z: 378.9680514491678
    yaw: -92.171326
    pitch: 9.299972
  neza:
    world: world_nether
    x: 241.63934946317667
    y: 59.0
    z: 154.99968398385212
    yaw: -86.249725
    pitch: 10.949989
