lastAccountName: tukasasa
timestamps:
  login: 1503940429836
  logout: 1503940368830
  lastteleport: 1503936103032
ipAddress: 124.208.114.93
lastlocation:
  world: world
  x: -216.94243552020362
  y: 55.0
  z: -63.077182489405345
  yaw: 202.28052
  pitch: 20.250038
logoutlocation:
  world: world
  x: -207.93229505213165
  y: 63.0
  z: -56.99250919160133
  yaw: 339.89868
  pitch: 16.499971
homes:
  home:
    world: world
    x: -212.8744034528817
    y: 57.0
    z: -73.19062401281636
    yaw: 271.8003
    pitch: 22.34999
