lastAccountName: tukasasa
timestamps:
  login: 1514217127959
  logout: 1514217412924
  lastteleport: 1514217270425
ipAddress: 124.208.114.93
lastlocation:
  world: world
  x: -4.30000001192093
  y: 69.0
  z: -177.41449180279957
  yaw: 181.80283
  pitch: -4.9498534
logoutlocation:
  world: world
  x: -390.63128078498397
  y: 94.16123321536128
  z: -65.22406202480724
  yaw: -266.8491
  pitch: 23.399988
homes:
  home:
    world: world
    x: -212.8744034528817
    y: 57.0
    z: -73.19062401281636
    yaw: 271.8003
    pitch: 22.34999
  maguma:
    world: world_nether
    x: -160.7964246797563
    y: 40.0
    z: -33.00624629319598
    yaw: 2.5491838
    pitch: 13.050005
  ki:
    world: world
    x: 705.436944803729
    y: 71.0
    z: 378.9680514491678
    yaw: -92.171326
    pitch: 9.299972
  neza:
    world: world_nether
    x: 241.63934946317667
    y: 59.0
    z: 154.99968398385212
    yaw: -86.249725
    pitch: 10.949989
