lastAccountName: tukasasa
timestamps:
  login: 1504453974652
  logout: 1504456357559
  lastteleport: 1504455839632
ipAddress: 124.208.114.93
lastlocation:
  world: world
  x: -153.5
  y: 72.5
  z: -67.5
  yaw: 0.0
  pitch: 0.0
logoutlocation:
  world: world
  x: -152.15626512678966
  y: 66.90290000319482
  z: -119.78160036001978
  yaw: -211.16214
  pitch: 40.049988
homes:
  home:
    world: world
    x: -212.8744034528817
    y: 57.0
    z: -73.19062401281636
    yaw: 271.8003
    pitch: 22.34999
  maguma:
    world: world_nether
    x: -160.7964246797563
    y: 40.0
    z: -33.00624629319598
    yaw: 2.5491838
    pitch: 13.050005
  ki:
    world: world
    x: 705.436944803729
    y: 71.0
    z: 378.9680514491678
    yaw: -92.171326
    pitch: 9.299972
