lastAccountName: tukasasa
timestamps:
  login: 1518521976775
  logout: 1518522200878
  lastteleport: 1518522014345
ipAddress: 124.208.114.93
lastlocation:
  world: world
  x: -122.5
  y: 65.0
  z: -31.5
  yaw: 0.0
  pitch: 0.0
logoutlocation:
  world: world
  x: -235.44265986331663
  y: 73.663724388889
  z: -110.4140916833852
  yaw: -233.4052
  pitch: 27.0
homes:
  home:
    world: world
    x: -212.8744034528817
    y: 57.0
    z: -73.19062401281636
    yaw: 271.8003
    pitch: 22.34999
  maguma:
    world: world_nether
    x: -160.7964246797563
    y: 40.0
    z: -33.00624629319598
    yaw: 2.5491838
    pitch: 13.050005
  ki:
    world: world
    x: 705.436944803729
    y: 71.0
    z: 378.9680514491678
    yaw: -92.171326
    pitch: 9.299972
  neza:
    world: world_nether
    x: 241.63934946317667
    y: 59.0
    z: 154.99968398385212
    yaw: -86.249725
    pitch: 10.949989
