lastAccountName: tukasasa
timestamps:
  login: 1512151937086
  logout: 1512157876954
  lastteleport: 1512157805105
ipAddress: 124.208.114.93
lastlocation:
  world: world
  x: -246.1918169601072
  y: 11.0
  z: 73.38279077811546
  yaw: -111.27374
  pitch: 11.550114
logoutlocation:
  world: world
  x: -216.34254446684636
  y: 55.0
  z: -64.62806086117436
  yaw: 214.80005
  pitch: 10.6499815
homes:
  home:
    world: world
    x: -212.8744034528817
    y: 57.0
    z: -73.19062401281636
    yaw: 271.8003
    pitch: 22.34999
  maguma:
    world: world_nether
    x: -160.7964246797563
    y: 40.0
    z: -33.00624629319598
    yaw: 2.5491838
    pitch: 13.050005
  ki:
    world: world
    x: 705.436944803729
    y: 71.0
    z: 378.9680514491678
    yaw: -92.171326
    pitch: 9.299972
  neza:
    world: world_nether
    x: 241.63934946317667
    y: 59.0
    z: 154.99968398385212
    yaw: -86.249725
    pitch: 10.949989
