lastAccountName: tukasasa
timestamps:
  login: 1514039501908
  logout: 1514039676530
  lastteleport: 1513957161248
ipAddress: 124.208.114.93
lastlocation:
  world: world
  x: -282.30000001192093
  y: 63.0
  z: -95.69999998807907
  yaw: -290.54065
  pitch: 3.4496808
logoutlocation:
  world: world
  x: -131.7224400030268
  y: 65.0
  z: -40.68873229307895
  yaw: 276.45255
  pitch: 13.800067
homes:
  home:
    world: world
    x: -212.8744034528817
    y: 57.0
    z: -73.19062401281636
    yaw: 271.8003
    pitch: 22.34999
  maguma:
    world: world_nether
    x: -160.7964246797563
    y: 40.0
    z: -33.00624629319598
    yaw: 2.5491838
    pitch: 13.050005
  ki:
    world: world
    x: 705.436944803729
    y: 71.0
    z: 378.9680514491678
    yaw: -92.171326
    pitch: 9.299972
  neza:
    world: world_nether
    x: 241.63934946317667
    y: 59.0
    z: 154.99968398385212
    yaw: -86.249725
    pitch: 10.949989
