lastAccountName: tukasasa
timestamps:
  login: 1511628885106
  logout: 1511633425388
  lastteleport: 1511632281134
ipAddress: 124.208.114.93
lastlocation:
  world: world
  x: -153.5
  y: 72.5
  z: -67.5
  yaw: 0.0
  pitch: 0.0
logoutlocation:
  world: world
  x: -24.95883794272669
  y: 69.0
  z: -145.5113460511362
  yaw: 258.44983
  pitch: 11.549559
homes:
  home:
    world: world
    x: -212.8744034528817
    y: 57.0
    z: -73.19062401281636
    yaw: 271.8003
    pitch: 22.34999
  maguma:
    world: world_nether
    x: -160.7964246797563
    y: 40.0
    z: -33.00624629319598
    yaw: 2.5491838
    pitch: 13.050005
  ki:
    world: world
    x: 705.436944803729
    y: 71.0
    z: 378.9680514491678
    yaw: -92.171326
    pitch: 9.299972
  neza:
    world: world_nether
    x: 241.63934946317667
    y: 59.0
    z: 154.99968398385212
    yaw: -86.249725
    pitch: 10.949989
