world: world_nether
x: 243.47236193234858
y: 60.0
z: 154.77570270836523
yaw: -89.83301
pitch: 24.450006
name: casle
